6260824
96267526
109153498
114046555
98964655
108123180
22108934
82078131
111904397
68035555
69408903
115600295
101721065
117401905
117798689
90279886
110567607
87250803
64631613
114185572
80331340
93971512
10399402
117754924
6944248
23079377
96292596
99318893
7956433
95836859
111797277
47509496
81452899
180228
113891814
115803514
106397431
84526218
46020968
106339275
77105540
83916631
261156
87574619
76895450
94981613
100645598
115929776
86707976
91573106
92164281
48730047
21452831
51983221
115203802
75356511
80587116
95499076
84737000
75291535
9885661
104713132
117357604
51151844
112997906
3987629
88896239
13019012
8643802
93922371
76262834
100507358
93402350
117884654
79746323
24568750
114978584
117844299
12891595
75514511
85357214
85320153
85840437
106307535
103129816
7652405
114854483
100808871
74469568
86353884
38733969
81665298
99108301
75480144
5096423
41706230
106395516
116028981
80078871
6072174
98957234
113972409
94655056
95737038
62497609
78265449
84771803
81295318
93027760
81598782
13168609
100913387
8357851
109146873
111670803
114071000
73731105
117762812
110783470
97045532
108301353
99184640
96749764
14872736
24281728
92118684
81006601
76790733
83662847
100334510
116341125
106501166
94601352
91181693
104409555
77816509
85889450
23515028
63977602
22715368
98740481
114169060
115488099
81450545
111219437
80899608
102096977
80361404
98539846
111782186
93575948
77039128
25799852
78158456
111614001
96324536
114409634
115279150
116328388
99478797
111683791
114830009
98031647
95334139
49110207
115175720
2298212
103789564
3481962
96716449
86173129
115514548
108387340
82179011
91550929
3398829
48544426
84458978
103489383
77836725
23243255
13196717
117933076
15874328
76424598
77742582
6442719
117363620
81107649
90677949
75897035
117867234
107018511
76551658
6219611
115773492
106375454
4984343
78540342
117729620
8224167
15231807
82454833
1861877
11827934
111676303
85512690
23393419
98980372
9969566
74419817
87877037
80312082
109023020
76862310
3463270
47660742
109977060
62953622
116351539
112897349
96476044
115763809
49338547
80936157
77723009
93780294
79649735
66507443
22128579
23139175
81969458
46185474
80968214
6398012
6070680
24156268
88743706
76909901
107239978
83554413
86768250
95106447
74337947
101993606
47304010
86807222
4288644
110529078
6717585
89297480
87800882
96498669
7408842
60060108
10307918
114027987
78147655
103948732
20023527
114275614
85847353
44850061
21029946
94364563
87696499
94358214
113266985
98719811
90104394
6368550
113940904
100313567
41952192
117655054
102431195
6900426
14769808
8532840
99068941
23193483
117334854
66490204
86721717
79191306
117792211
114112652
87140693
105385008
106961431
96544653
81411175
7903072
97535796
86909518
7807929
77160395
100237929
95103685
107317305
111950039
102123280
115626184
64766060
96312254
117878591
75643542
84976505
94815618
104180662
48268859
106160703
77384052
20592622
70635211
98360585
25825523
49975878
101781407
104322210
95927696
81591805
107215754
79363368
88153641
114096885
11338659
102839369
81278259
94425408
69174787
74766312
22623386
82020029
74608434
2009130
70637113
95263443
102883548
84853572
76549631
10105241
104131369
14547689
107776237
91704552
68045953
13465815
281813
105014745
114404636
67976138
93441288
106118343
77774621
78954455
117340497
86784658
114520022
9115241
91251018
115292988
107276936
108363717
101913890
116041578
80137177
46361732
115372893
113690073
2916402
74998600
114155503
92672308
11516263
117793188
5659202
84368321
111896553
109281491
50673578
24329126
113218153
11067221
39223254
66801301
82669811
100639408
100348973
13440707
89037706
8312148
79161642
105866941
101999987
9636740
103665654
85517870
109026009
94008387
96747289
117950969
85527151
100058248
10175839
102729888
21521233
83167360
118705907
86362097
11120216
81353457
93367077
112709922
43111407
38776173
82035035
89577330
74189446
100865597
39947597
66372496
87861458
92272911
80059601
50766989
115269227
4144548
85923471
84542001
100611303
103788650
75832925
69533647
103789538
115327184
78813249
105108504
104583997
64578708
37364621
108765196
94837507
9264004
99190164
105089557
26055591
98336759
114278437
116396092
13678929
87512269
2509612
99213394
115714499
76286803
102812618
89367591
86193553
97178426
77469395
74003660
97937075
86568896
104717335
80603723
116382443
94001138
77546291
14065793
82036973
76186481
100449248
101642874
66454563
36830724
118736009
45957780
96928905
40111712
88317220
86218614
80883391
4835551
113997338
100515858
113659783
68822352
99836695
103665245
118831649
94154494
104416586
80324103
114212055
25836176
41352506
105562169
107322823
